projectid msbid remaining obscount timeest msb_total_hrs instrument type pol target ra2000 dec2000 taumin taumax
M17BL010 35537 12 1 3750 12.5 RXA3M s-stare 0 J141605.26-011537.3 3.7353873252868652 -0.021997742354869843 0.12 0.2
M17BL010 35538 0 1 3750 0.0 RXA3M s-stare 0 J125354.49+262435.6 3.376811981201172 0.46093952655792236 0.12 0.2
M17BL010 35539 0 1 3750 0.0 RXA3M s-stare 0 J131525.79+332730.4 3.470717668533325 0.5839603543281555 0.12 0.2
M17BL010 35540 6 1 3750 6.25 RXA3M s-stare 0 J131239.04+340354.5 3.4585912227630615 0.5945490598678589 0.12 0.2
M17BL010 35541 1 1 3750 1.0416666666666667 RXA3M s-stare 0 J120301.01-001728.1 3.154756546020508 -0.005081332288682461 0.12 0.2
M17BL010 35542 0 1 3750 0.0 RXA3M s-stare 0 J143216.28+002251.6 3.806002140045166 0.006649898365139961 0.12 0.2
M17BL010 35543 0 1 3750 0.0 RXA3M s-stare 0 J131050.34+270903.1 3.4506866931915283 0.4738723635673523 0.12 0.2
M17BL010 35544 1 1 3750 1.0416666666666667 RXA3M s-stare 0 J133804.04+323223.4 3.5694923400878906 0.5679276585578918 0.12 0.2
M17BL010 35545 0 1 3750 0.0 RXA3M s-stare 0 J142314.69+005842.0 3.7666163444519043 0.01707538031041622 0.12 0.2
M17BL010 35546 0 1 3750 0.0 RXA3M s-stare 0 J132008.30+302700.3 3.491262674331665 0.5314543843269348 0.12 0.2
M17BL010 35547 0 1 3750 0.0 RXA3M s-stare 0 J131650.67+313750.4 3.4768903255462646 0.5520594120025635 0.12 0.2
M17BL010 35548 0 1 3750 0.0 RXA3M s-stare 0 J134003.12+290814.2 3.5781521797180176 0.5085417628288269 0.12 0.2
M17BL010 35549 0 1 3750 0.0 RXA3M s-stare 0 J133117.44+292205.5 3.539923667907715 0.5125716328620911 0.12 0.2
M17BL010 35550 0 1 2500 0.0 RXA3M s-stare 0 J133420.90+271643.5 3.553265333175659 0.47610437870025635 0.12 0.2
M17BL010 35551 0 1 2500 0.0 RXA3M s-stare 0 J133410.53+335734.8 3.552510976791382 0.59270840883255 0.12 0.2
M17BL010 35552 0 1 3750 0.0 RXA3M s-stare 0 J132708.67+281544.2 3.5218327045440674 0.49326980113983154 0.12 0.2
M17BL010 35553 0 1 2500 0.0 RXA3M s-stare 0 J130528.88+335055.5 3.427309274673462 0.590772271156311 0.12 0.2
M17BL010 35554 0 1 3750 0.0 RXA3M s-stare 0 J130426.54+271815.5 3.4227757453918457 0.4765501916408539 0.12 0.2
M17BL010 35555 0 1 2500 0.0 RXA3M s-stare 0 J130422.68+284838.7 3.422494649887085 0.5028427243232727 0.12 0.2
M17BL010 35556 0 1 3750 0.0 RXA3M s-stare 0 J131141.24+262323.5 3.45438814163208 0.4605899751186371 0.12 0.2
M17BL010 35557 0 1 2500 0.0 RXA3M s-stare 0 J130313.61+311914.1 3.4174718856811523 0.5466474294662476 0.2 0.3
M17BL010 35558 0 1 3750 0.0 RXA3M s-stare 0 J131510.59+332308.1 3.4696125984191895 0.5826886892318726 0.2 0.3
M17BL010 35559 0 1 3750 0.0 RXA3M s-stare 0 J133159.59+340354.9 3.5429892539978027 0.5945509672164917 0.2 0.3
M17BL010 35560 0 1 3750 0.0 RXA3M s-stare 0 J133128.50+251212.6 3.5407280921936035 0.4398844838142395 0.2 0.3
M17BL010 35561 0 1 2500 0.0 RXA3M s-stare 0 J130348.50+260521.6 3.4200096130371094 0.4553448557853699 0.2 0.3
M17BL010 35562 0 1 2500 0.0 RXA3M s-stare 0 J132651.27+263528.5 3.5205674171447754 0.46410492062568665 0.2 0.3
M17BL010 35563 0 1 2500 0.0 RXA3M s-stare 0 J133345.39+235137.4 3.550682783126831 0.41644272208213806 0.2 0.3
M17BL010 35564 0 1 2500 0.0 RXA3M s-stare 0 J131630.19+301620.9 3.475400686264038 0.5283546447753906 0.2 0.3
M17BL010 35565 0 1 3750 0.0 RXA3M s-stare 0 J143525.34+002003.6 3.8197505474090576 0.0058356053195893764 0.2 0.3
M17BL010 35566 0 1 2500 0.0 RXA3M s-stare 0 J131709.38+270441.0 3.478250741958618 0.47260138392448425 0.2 0.3
M17BL010 35567 0 1 3750 0.0 RXA3M s-stare 0 J132813.99+284009.2 3.526582717895508 0.5003727674484253 0.2 0.3
M17BL010 35568 0 1 2500 0.0 RXA3M s-stare 0 J132015.05+330243.2 3.491753578186035 0.5767500400543213 0.2 0.3
M17BL010 35569 0 1 3750 0.0 RXA3M s-stare 0 J133421.20+335619.7 3.5532867908477783 0.5923439264297485 0.2 0.3
M17BL010 35570 0 1 2500 0.0 RXA3M s-stare 0 J125353.91+281111.6 3.376769542694092 0.4919483959674835 0.2 0.3
M17BL010 35571 0 1 2500 0.0 RXA3M s-stare 0 J131423.60+302902.3 3.4661951065063477 0.5320459604263306 0.2 0.3
M17BL010 35572 0 1 1250 0.0 RXA3M s-stare 0 J114212.25+002004.0 3.0639443397521973 0.005837399046868086 0.2 0.3
M17BL010 35573 0 1 2500 0.0 RXA3M s-stare 0 J133216.55+261614.1 3.544222116470337 0.45850861072540283 0.2 0.3
M17BL010 35574 0 1 1250 0.0 RXA3M s-stare 0 J130949.98+243439.2 3.4462971687316895 0.42895954847335815 0.2 0.3
M17BL010 35575 0 1 1250 0.0 RXA3M s-stare 0 J130617.29+290347.4 3.4308297634124756 0.5072481632232666 0.2 0.3
M17BL010 35576 3 1 3750 3.125 RXA3M s-stare 0 J133524.05+275442.8 3.5578575134277344 0.4871545135974884 0.12 0.2
M17BL010 35577 3 1 3750 3.125 RXA3M s-stare 0 J133505.29+343215.3 3.5564935207366943 0.6027946472167969 0.12 0.2
M17BL010 35578 9 1 3750 9.375 RXA3M s-stare 0 J132802.88+315731.6 3.5257749557495117 0.5577859878540039 0.12 0.2
M17BL010 35579 25 1 3750 26.041666666666668 RXA3M s-stare 0 J133250.47+322402.3 3.54668927192688 0.5654982924461365 0.12 0.2
M17BL010 35580 14 1 3750 14.583333333333334 RXA3M s-stare 0 J131900.00+304900.5 3.486295223236084 0.537854790687561 0.12 0.2
M17BL010 35581 15 1 3750 15.625 RXA3M s-stare 0 J134043.89+255430.1 3.5811171531677246 0.4521861970424652 0.12 0.2
M17BL010 35582 5 1 3750 5.208333333333333 RXA3M s-stare 0 J130710.53+341752.9 3.434701442718506 0.5986136198043823 0.12 0.2
M17BL010 35583 10 1 3750 10.416666666666666 RXA3M s-stare 0 J132425.42+305733.4 3.509960889816284 0.5403414964675903 0.12 0.2
M17BL010 35584 8 1 3750 8.333333333333334 RXA3M s-stare 0 J134118.28+242946.3 3.5836181640625 0.4275393486022949 0.2 0.3
M17BL010 35585 6 1 3750 6.25 RXA3M s-stare 0 J125704.54+274622.8 3.3906326293945312 0.48473048210144043 0.2 0.3
M17BL010 35586 0 1 3750 0.0 RXA3M s-stare 0 J125855.94+275000.1 3.398733377456665 0.48578399419784546 0.2 0.3
M17BL010 35587 1 1 3750 1.0416666666666667 RXA3M s-stare 0 J133535.94+332846.4 3.558722496032715 0.5843289494514465 0.2 0.3
M17BL010 35588 2 1 3750 2.0833333333333335 RXA3M s-stare 0 J130553.48+280644.7 3.42909836769104 0.4906545579433441 0.2 0.3
M17BL010 35589 0 1 3750 0.0 RXA3M s-stare 0 J125835.33+271552.9 3.3972349166870117 0.47585877776145935 0.2 0.3
M17BL010 35590 0 1 3750 0.0 RXA3M s-stare 0 J130207.87+273853.8 3.412691593170166 0.4825538098812103 0.2 0.3
M17BL010 35591 10 1 3750 10.416666666666666 RXA3M s-stare 0 J133844.11+261942.7 3.572406768798828 0.4595196545124054 0.2 0.3
M17BL010 35592 4 1 3750 4.166666666666667 RXA3M s-stare 0 J132420.21+325053.2 3.5095815658569336 0.5733078718185425 0.2 0.3
M17BL010 35593 6 1 3750 6.25 RXA3M s-stare 0 J134142.40+300731.4 3.585371971130371 0.5257876515388489 0.2 0.3
M17BL010 35594 3 1 3750 3.125 RXA3M s-stare 0 J133333.05+261619.1 3.5497851371765137 0.4585324227809906 0.2 0.3
M17BL010 35595 4 1 3750 4.166666666666667 RXA3M s-stare 0 J132134.09+253058.4 3.4975011348724365 0.44534239172935486 0.2 0.3
M17BL010 35596 0 1 3750 0.0 RXA3M s-stare 0 J131509.32+293810.3 3.469519853591919 0.5172492861747742 0.2 0.3
M17BL010 35597 0 1 3750 0.0 RXA3M s-stare 0 J125916.66+270622.1 3.400240898132324 0.4730914533138275 0.2 0.3
M17BL010 35598 0 1 3750 0.0 RXA3M s-stare 0 J133545.04+275203.4 3.5593838691711426 0.4863816797733307 0.2 0.3
M17BL010 35599 5 1 3750 5.208333333333333 RXA3M s-stare 0 J125547.82+281521.9 3.3850531578063965 0.49316203594207764 0.2 0.3
